$coord
   -0.80414168395890      1.10380518594521      0.59515066219178      c
    2.03820702004110      0.62009880994521     -0.00426128580822      c
    0.89491681104110      4.76814181594521     -1.34475394380822      c
    3.15023497304110      3.30654855594521     -0.28466227380822      c
    4.74761879804110     -4.50491442805479      3.79840419519178      c
    6.57095680204110      6.02164436794521      5.14918812819178      c
    1.08012127704110     -4.77768653505479      0.78551666619178      c
   -7.80088969995890     -3.42949126805479     -4.36436966880822      c
    8.35644019404110      3.10734556094521      1.85043260419178      c
    5.47864265204110     -3.91602930205479     -0.87486557680822      c
    6.86517590604110      7.49233613394521      0.62668138119178      c
   -5.35679504995890     -2.38593723305479     -5.49718821380822      c
    3.63377314604110     -3.52475642505479      1.32287491419178      c
    6.45040585804110      5.22290800994521      2.37769189719178      c
    0.71229819704110      4.69561200694521     -4.22466310480822      c
   -5.38788602095890     -2.30972796905479     -8.38965691480822      c
   -2.94881103495890     -1.19815304605479     -9.48322940280822      c
   -3.50352611395890     -0.56384067905479      4.08079394219178      c
   -3.39360247695890     -0.50082799005479      6.71065624719178      c
   -0.22004169195890      1.64970853694521      5.41319643719178      c
   -1.46430473695890      0.81942802594521      3.24218855019178      n
   -6.95259411195890     -2.99274294605479      3.81077593219178      c
   -7.02862642995890     -3.05360292905479      6.39511751219178      n
   -8.80711774495890     -4.31031262105479      2.54620475019178      n
   -7.62455529095890     -3.35994048105479     -1.61681973780822      n
   -5.28326378395890     -1.83586232105479      8.12792849919178      c
   -9.24168346695890     -4.61719048505479     -0.10487583680822      c
   -5.19758719095890     -1.74401199205479      2.56066380519178      n
   -1.32686500395890      0.90347117194521      7.50196260819178      n
    3.86132429304110      4.29083354894521      2.10787994519178      o
    3.34355254204110     -0.81506873405479      1.80505969919178      o
   -1.35025197695890      3.58729509794521     -0.30504471380822      o
    2.90316021704110      5.96665660694521     -5.19467402080822      o
  -11.00161259195890     -5.96608668805479     -0.77701339680822      o
   -5.62021044295890     -2.09789221505479     10.39310564619177      o
   -6.28490975495890     -2.28162327505479     -0.72912753980822      h
  -10.09760125695890     -5.28297824805479      3.56983692319178      h
   -8.41471832195890     -4.02918444105479      7.29494779319178      h
   -2.03049566395890     -0.23129914405479     -0.39275858680822      h
    2.10740563304110     -0.28067477605479     -1.87097954880822      h
    4.73233749504110      3.31386807794521     -1.60965809580822      h
    2.71402338204110      6.14044366294521     -7.00738214480822      h
    0.93220819104110      6.72539222094521     -0.68789648780822      h
    1.47577607704110      2.77299979894521      5.25873433919178      h
   -5.03940861295890     -0.46575093005479     -4.76785900880822      h
   -8.12990366995890     -5.38240731505479     -4.96521174780822      h
   -3.76210927995890     -3.54691456205479     -4.84781561480822      h
   -7.01089645295890     -1.18672647905479     -9.02852935380822      h
   -5.67316133195890     -4.22785060505479     -9.12600148580822      h
   -9.42652584195890     -2.31040999105479     -5.00847337780822      h
   -0.24570637995890     -4.43361831005479      2.33168614119178      h
   -1.03847355895890      5.64435783794521     -4.80654266980822      h
    0.63949777904110      2.72469439594521     -4.88965583080822      h
    7.92942792404110      1.46409035094521      3.02521516919178      h
    3.44283758604110     -4.13831697105479      5.35838816419178      h
    0.24316623804110     -4.08354818005479     -0.97654957380822      h
    6.53732380904110     -3.55167365005479      4.20136254319178      h
    1.33381691404110     -6.82118548105479      0.58558280219178      h
    7.28065488104110     -2.98916004505479     -0.46725517880822      h
    6.25621344204110      4.39167633994521      6.38170589019178      h
    6.63636398304110      6.97337947394521     -1.36283094080822      h
    5.12079250004110      7.44087381594521      5.54536903419178      h
   10.26959736604110      3.77082847994521      2.27747709719178      h
    5.51259667904110      8.99294583994520      1.06984531019178      h
    5.09427292704110     -6.54025334405479      3.67590767919178      h
    8.42513546404110      6.82940501494521      5.58221207519178      h
    8.32841789404110      2.52344440994521     -0.13475320780822      h
    5.82286373504110     -5.93509119905479     -1.16866560180822      h
    8.77942819804110      8.23936872694521      0.87511362919178      h
    4.72695787204110     -3.14964775505479     -2.64591728280822      h
   -2.66380849995890      0.74467149794521     -8.82020871480822      h
   -1.30096175695890     -2.31277116805479     -8.90358411480822      h
   -2.99489772795890     -1.16311122305479    -11.55112441380822      h
$user-defined bonds
$end
